Feat set correlation with TAC:

0, 0.09474
1, 0.13267
2, 0.08422
3, 0.10427
4, 0.10379
5, 0.13060
6, 0.16751
7, -0.01544
8, -0.01941
9, 0.16765
10, 0.16300
11, 0.07294
12, 0.14877
13, -0.00919
14, -0.06344
15, -0.04623
16, -0.08079
17, 0.08828
18, 0.16363
19, -0.00639
20, -0.20560
21, 0.00690
22, -0.12836
23, 0.16616



self.feat_kernels = {}
for s in range(24):
    if s < 6:
        self.feat_kernels[s] = embeddings.Sinusoid(91, out_dimension, dtype=torch.float64, device="cuda")
    else:
        self.feat_kernels[s] = embeddings.Sinusoid(3, out_dimension, dtype=torch.float64, device="cuda")



feat_hvs = {}
feat_hvs[0] = self.feat_kernels[0](feat[0:91])
feat_hvs[1] = self.feat_kernels[1](feat[91:182])
feat_hvs[2] = self.feat_kernels[2](feat[182:273])
feat_hvs[3] = self.feat_kernels[3](feat[273:364])
feat_hvs[4] = self.feat_kernels[4](feat[364:455])
feat_hvs[5] = self.feat_kernels[5](feat[455:546])
feat_hvs[6] = self.feat_kernels[6](feat[546:549])
feat_hvs[7] = self.feat_kernels[7](feat[549:552])
feat_hvs[8] = self.feat_kernels[8](feat[552:555])
feat_hvs[9] = self.feat_kernels[9](feat[555:558])
feat_hvs[10] = self.feat_kernels[10](feat[558:561])
feat_hvs[11] = self.feat_kernels[11](feat[561:564])
feat_hvs[12] = self.feat_kernels[12](feat[564:567])
feat_hvs[13] = self.feat_kernels[13](feat[567:570])
feat_hvs[14] = self.feat_kernels[14](feat[570:573])
feat_hvs[15] = self.feat_kernels[15](feat[573:576])
feat_hvs[16] = self.feat_kernels[16](feat[576:579])
feat_hvs[17] = self.feat_kernels[17](feat[579:582])
feat_hvs[18] = self.feat_kernels[18](feat[582:585])
feat_hvs[19] = self.feat_kernels[19](feat[585:588])
feat_hvs[20] = self.feat_kernels[20](feat[588:591])
feat_hvs[21] = self.feat_kernels[21](feat[591:594])
feat_hvs[22] = self.feat_kernels[22](feat[594:597])
feat_hvs[23] = self.feat_kernels[23](feat[597:600])



MFCC set correlations:

[[ 0.          0.26090257  0.20670329  0.32093926  0.32293517  0.27001242]
 [ 0.26090257  0.          0.23916459  0.29126634  0.27227259  0.32503253]
 [ 0.20670329  0.23916459  0.          0.21533713  0.25894898  0.28860105]
 [ 0.32093926  0.29126634  0.21533713  0.          0.32939229  0.29824002]
 [ 0.32293517  0.27227259  0.25894898  0.32939229  0.          0.31365642]
 [ 0.27001242  0.32503253  0.28860105  0.29824002  0.31365642  0.        ]
 [ 0.41697474  0.37608994  0.35565253  0.42222747  0.4284925   0.37909078]
 [-0.01287453 -0.0038481   0.01668874 -0.00885016 -0.01992701 -0.00924496]
 [-0.01416854 -0.0063619   0.01597581 -0.01016727 -0.02065163 -0.01061469]
 [-0.06197815 -0.05477664 -0.03598403 -0.07807756 -0.08912056 -0.10566112]
 [ 0.36026033  0.31673063  0.30157914  0.35802617  0.35911876  0.30417545]
 [ 0.40443697  0.37387026  0.34262684  0.4356576   0.45173528  0.42182651]
 [ 0.44064727  0.40168944  0.37990667  0.45408807  0.46717374  0.42199982]
 [-0.18245172 -0.18596062 -0.16194705 -0.21181493 -0.23156204 -0.24613054]
 [ 0.28290331  0.25067913  0.21198458  0.30958868  0.33049816  0.3093118 ]
 [-0.34714755 -0.33344789 -0.29596227 -0.38006816 -0.40563159 -0.40155981]
 [-0.17466212 -0.17083066 -0.1473609  -0.19541159 -0.2207105  -0.23103682]
 [-0.20322384 -0.20463357 -0.17435086 -0.2227424  -0.24156971 -0.26440024]
 [-0.14180546 -0.13247077 -0.11373249 -0.16031335 -0.17579967 -0.1874248 ]
 [-0.17231035 -0.17544532 -0.14967486 -0.20141039 -0.22108349 -0.23466264]
 [-0.05417639 -0.11700645 -0.07492343 -0.0759835  -0.06789666 -0.12903575]
 [-0.00468742 -0.00561469 -0.00401897 -0.00651657 -0.00975233 -0.01057036]
 [-0.0863349  -0.1109772  -0.10840675 -0.11345499 -0.12614309 -0.15126165]
 [-0.07590223 -0.06753742 -0.04154653 -0.09238191 -0.10269924 -0.11673261]]


MFCC set similarites:

[[ 0.00000000e+00  1.66413664e-01  1.56206864e-01  1.83609438e-01
   1.76147085e-01  1.59327172e-01]
 [ 1.66413664e-01  0.00000000e+00  1.90609992e-01  1.86019109e-01
   1.75317990e-01  2.01430088e-01]
 [ 1.56206864e-01  1.90609992e-01  0.00000000e+00  1.70755680e-01
   1.69729906e-01  1.89341320e-01]
 [ 1.83609438e-01  1.86019109e-01  1.70755680e-01  0.00000000e+00
   1.88216054e-01  1.77092940e-01]
 [ 1.76147085e-01  1.75317990e-01  1.69729906e-01  1.88216054e-01
   0.00000000e+00  1.80157399e-01]
 [ 1.59327172e-01  2.01430088e-01  1.89341320e-01  1.77092940e-01
   1.80157399e-01  0.00000000e+00]
 [ 2.26368158e-01  1.12228959e-01  1.06117129e-01  1.73603547e-01
   1.69696716e-01  1.10248133e-01]
 [-1.46947638e-03 -1.28063719e-02 -1.99524902e-02 -1.98553375e-03
  -4.06178334e-03 -1.55449131e-02]
 [-1.71600720e-03 -1.30520262e-02 -2.01312953e-02 -1.92233843e-03
  -4.00716866e-03 -1.57909986e-02]
 [ 6.06354668e-02  4.74529884e-02  4.24978200e-02  5.61755623e-02
   5.36261866e-02  4.18121122e-02]
 [ 1.97399095e-01  8.99027305e-02  8.41221452e-02  1.50251378e-01
   1.46245342e-01  8.48073541e-02]
 [ 2.13597533e-01  1.05017223e-01  1.00968684e-01  1.59841237e-01
   1.57000210e-01  1.06002303e-01]
 [ 2.24712239e-01  1.08460790e-01  1.03315609e-01  1.70477600e-01
   1.67107005e-01  1.08246806e-01]
 [ 9.06083456e-02  9.75423730e-02  1.01083904e-01  8.34782379e-02
   5.54275653e-02  5.20516571e-02]
 [ 2.93761739e-01  2.95406349e-01  2.74650334e-01  2.97326861e-01
   2.71826220e-01  2.65011599e-01]
 [ 1.16894834e-01  1.26711447e-01  1.25151226e-01  1.08231507e-01
   7.84022904e-02  7.54214589e-02]
 [ 2.36837701e-01  2.42574542e-01  2.30560136e-01  2.34643101e-01
   2.01159796e-01  1.94540243e-01]
 [ 1.47209672e-01  1.55265522e-01  1.54686782e-01  1.39990749e-01
   1.03721528e-01  9.62625500e-02]
 [ 8.58560919e-02  8.52379826e-02  8.15732415e-02  8.57914008e-02
   8.27533670e-02  8.01253889e-02]
 [ 9.76434704e-02  1.05942381e-01  1.08426511e-01  9.06721354e-02
   6.17064476e-02  5.87941536e-02]
 [ 2.83379725e-01  2.83781345e-01  2.63769880e-01  2.85475754e-01
   2.62074347e-01  2.55310167e-01]
 [-1.53349088e-03  2.52538819e-03 -2.58863458e-06 -1.86443489e-04
  -6.03493608e-04  1.01884961e-03]
 [ 6.07021858e-02  4.26017882e-02  3.95879699e-02  5.17242735e-02
   4.61289854e-02  3.04110627e-02]
 [ 2.98129172e-02  2.37743346e-02  1.97792457e-02  2.70969252e-02
   2.58256890e-02  2.12268636e-02]]



Bundled/bind schema

Bind sets:
[0, 6, 3, 11, 4, 12, 1, 5, 10]
[2]
[9, 17, 18, 23]
[21]
Bundle sets:
[0]
[1]
[2]
[3]
[4]
[5]
[6, 10, 11, 12]
[9, 23]
[17]
[18]
[21]
