NON MFCC FEAT CODE STUBS:
self.feat_kernels = {}
for s in range(18):
    self.feat_kernels[s] = embeddings.Sinusoid(3, out_dimension, dtype=torch.float64, device="cuda")


feat_hvs = {}
feat_hvs[0] = self.feat_kernels[0](feat[546:549])
feat_hvs[1] = self.feat_kernels[1](feat[549:552])
feat_hvs[2] = self.feat_kernels[2](feat[552:555])
feat_hvs[3] = self.feat_kernels[3](feat[555:558])
feat_hvs[4] = self.feat_kernels[4](feat[558:561])
feat_hvs[5] = self.feat_kernels[5](feat[561:564])
feat_hvs[6] = self.feat_kernels[6](feat[564:567])
feat_hvs[7] = self.feat_kernels[7](feat[567:570])
feat_hvs[8] = self.feat_kernels[8](feat[570:573])
feat_hvs[9] = self.feat_kernels[9](feat[573:576])
feat_hvs[10] = self.feat_kernels[10](feat[576:579])
feat_hvs[11] = self.feat_kernels[11](feat[579:582])
feat_hvs[12] = self.feat_kernels[12](feat[582:585])
feat_hvs[13] = self.feat_kernels[13](feat[585:588])
feat_hvs[14] = self.feat_kernels[14](feat[588:591])
feat_hvs[15] = self.feat_kernels[15](feat[591:594])
feat_hvs[16] = self.feat_kernels[16](feat[594:597])
feat_hvs[17] = self.feat_kernels[17](feat[597:600])



Feat set correlation with TAC:

0, -0.02395
1, 0.11151
2, 0.10337
3, 0.50538
4, 0.30813
5, -0.39547
6, -0.24762
7, 0.48608
8, -0.42605
9, 0.39237
10, 0.44126
11, 0.40840
12, 0.52014
13, 0.48169
14, -0.26524
15, 0.03766
16, 0.10999
17, 0.47058



Feat set correlation matrix:

[[ 8.93218068e-01 -1.93410776e-01 -2.07190564e-01 -9.36885851e-02
   6.65312955e-01  6.09556429e-01  8.06437244e-01 -3.35597240e-01
   5.23325888e-01 -5.96411507e-01 -2.80362400e-01 -4.58107217e-01
  -2.69428374e-01 -3.20815846e-01  6.62427995e-03  7.20851764e-02
   1.28577911e-01 -3.43475220e-01]
 [-1.93410776e-01  1.20609658e-01  1.14757155e-01  2.05149057e-01
  -3.89800812e-02 -3.00669291e-01 -2.72983091e-01  2.43605548e-01
  -2.95931811e-01  3.03185856e-01  2.08214477e-01  2.62156079e-01
   2.50367892e-01  2.42927306e-01 -7.41708175e-02  5.59037731e-02
  -4.09294681e-02  2.79766781e-01]
 [-2.07190564e-01  1.14757155e-01  1.21984076e-01  1.98911905e-01
  -5.34147124e-02 -3.00334046e-01 -2.80872018e-01  2.41892595e-01
  -2.93152645e-01  3.01575819e-01  2.07493647e-01  2.61740576e-01
   2.47230412e-01  2.39935756e-01 -7.33985282e-02 -4.67306915e-02
  -6.27238058e-02  2.73423696e-01]
 [-9.36885851e-02  2.05149057e-01  1.98911905e-01  8.35228246e-01
   4.00134091e-01 -6.84863138e-01 -4.42164183e-01  7.96482098e-01
  -7.24233327e-01  6.90027476e-01  7.51514303e-01  7.21284771e-01
   8.77189304e-01  7.94970007e-01 -4.46901851e-01  7.10254201e-02
   2.41427517e-01  8.02264816e-01]
 [ 6.65312955e-01 -3.89800812e-02 -5.34147124e-02  4.00134091e-01
   9.35841926e-01  8.57252457e-02  3.90371108e-01  2.03038784e-01
  -4.30810124e-02 -8.51325045e-02  1.78504478e-01 -2.47162611e-04
   2.76939990e-01  2.15680766e-01 -2.09452467e-01  7.82821187e-02
   3.07222052e-01  1.97036589e-01]
 [ 6.09556429e-01 -3.00669291e-01 -3.00334046e-01 -6.84863138e-01
   8.57252457e-02  9.72986257e-01  8.67603738e-01 -8.13041409e-01
   9.59814609e-01 -9.60375824e-01 -6.97032200e-01 -8.29431181e-01
  -8.33872825e-01 -8.06255792e-01  2.62028235e-01  2.62185731e-02
  -3.38419940e-01 -9.00923345e-01]
 [ 8.06437244e-01 -2.72983091e-01 -2.80872018e-01 -4.42164183e-01
   3.90371108e-01  8.67603738e-01  9.38578015e-01 -6.47394514e-01
   8.19027768e-01 -8.59321605e-01 -5.57987503e-01 -7.16870311e-01
  -6.14160602e-01 -6.36915773e-01  1.60079370e-01  6.58354555e-02
  -3.07234406e-02 -6.86226104e-01]
 [-3.35597240e-01  2.43605548e-01  2.41892595e-01  7.96482098e-01
   2.03038784e-01 -8.13041409e-01 -6.47394514e-01  8.76329973e-01
  -8.15028554e-01  8.12664327e-01  8.04698808e-01  7.95825741e-01
   8.75180905e-01  8.68694657e-01 -4.02822817e-01 -2.99441926e-02
   2.34398385e-01  8.26939395e-01]
 [ 5.23325888e-01 -2.95931811e-01 -2.93152645e-01 -7.24233327e-01
  -4.30810124e-02  9.59814609e-01  8.19027768e-01 -8.15028554e-01
   9.94009949e-01 -9.52995188e-01 -6.87998828e-01 -8.13996467e-01
  -8.63872867e-01 -8.10512450e-01  2.72497325e-01 -3.17508813e-02
  -7.59440341e-01 -9.35746391e-01]
 [-5.96411507e-01  3.03185856e-01  3.01575819e-01  6.90027476e-01
  -8.51325045e-02 -9.60375824e-01 -8.59321605e-01  8.12664327e-01
  -9.52995188e-01  9.72431917e-01  7.07517237e-01  8.45720782e-01
   8.28872827e-01  8.11446408e-01 -2.70479072e-01 -1.08160360e-02
   2.61997013e-01  9.04168174e-01]
 [-2.80362400e-01  2.08214477e-01  2.07493647e-01  7.51514303e-01
   1.78504478e-01 -6.97032200e-01 -5.57987503e-01  8.04698808e-01
  -6.87998828e-01  7.07517237e-01  8.03577854e-01  7.52083641e-01
   8.05467732e-01  8.01522219e-01 -4.33747362e-01 -3.63712550e-02
   2.47833855e-01  7.18319677e-01]
 [-4.58107217e-01  2.62156079e-01  2.61740576e-01  7.21284771e-01
  -2.47162611e-04 -8.29431181e-01 -7.16870311e-01  7.95825741e-01
  -8.13996467e-01  8.45720782e-01  7.52083641e-01  8.28954389e-01
   8.21956784e-01  7.95081608e-01 -3.62941583e-01 -3.48821737e-02
  -4.63730817e-03  8.10013913e-01]
 [-2.69428374e-01  2.50367892e-01  2.47230412e-01  8.77189304e-01
   2.76939990e-01 -8.33872825e-01 -6.14160602e-01  8.75180905e-01
  -8.63872867e-01  8.28872827e-01  8.05467732e-01  8.21956784e-01
   9.84044773e-01  8.67585200e-01 -4.50024485e-01  2.15348164e-02
   1.34807897e-01  9.08508850e-01]
 [-3.20815846e-01  2.42927306e-01  2.39935756e-01  7.94970007e-01
   2.15680766e-01 -8.06255792e-01 -6.36915773e-01  8.68694657e-01
  -8.10512450e-01  8.11446408e-01  8.01522219e-01  7.95081608e-01
   8.67585200e-01  8.72057717e-01 -3.99192085e-01 -1.39106512e-02
   2.78570695e-01  8.25215378e-01]
 [ 6.62427995e-03 -7.41708175e-02 -7.33985282e-02 -4.46901851e-01
  -2.09452467e-01  2.62028235e-01  1.60079370e-01 -4.02822817e-01
   2.72497325e-01 -2.70479072e-01 -4.33747362e-01 -3.62941583e-01
  -4.50024485e-01 -3.99192085e-01  3.41863338e-01  6.23302283e-03
   1.65130684e-01 -3.31810709e-01]
 [ 7.20851764e-02  5.59037731e-02 -4.67306915e-02  7.10254201e-02
   7.82821187e-02  2.62185731e-02  6.58354555e-02 -2.99441926e-02
  -3.17508813e-02 -1.08160360e-02 -3.63712550e-02 -3.48821737e-02
   2.15348164e-02 -1.39106512e-02  6.23302283e-03  3.77539468e-01
   1.55656345e-02  6.51814559e-02]
 [ 1.28577911e-01 -4.09294681e-02 -6.27238058e-02  2.41427517e-01
   3.07222052e-01 -3.38419940e-01 -3.07234406e-02  2.34398385e-01
  -7.59440341e-01  2.61997013e-01  2.47833855e-01 -4.63730817e-03
   1.34807897e-01  2.78570695e-01  1.65130684e-01  1.55656345e-02
   8.56749831e-01  2.28725263e-01]
 [-3.43475220e-01  2.79766781e-01  2.73423696e-01  8.02264816e-01
   1.97036589e-01 -9.00923345e-01 -6.86226104e-01  8.26939395e-01
  -9.35746391e-01  9.04168174e-01  7.18319677e-01  8.10013913e-01
   9.08508850e-01  8.25215378e-01 -3.31810709e-01  6.51814559e-02
   2.28725263e-01  9.56090996e-01]]


MFCC FEAT CODE STUBS:
self.mfcc_feat_kernels = {}
for s in range(6):
    self.mfcc_feat_kernels[s] = embeddings.Sinusoid(MFCC_COV_FEAT_LENGTH, out_dimension, dtype=torch.float64, device="cuda")


mfcc_feat_hvs = {}
mfcc_feat_hvs[0] = self.mfcc_feat_kernels[0](feat[0:91])
mfcc_feat_hvs[1] = self.mfcc_feat_kernels[1](feat[91:182])
mfcc_feat_hvs[2] = self.mfcc_feat_kernels[2](feat[182:273])
mfcc_feat_hvs[3] = self.mfcc_feat_kernels[3](feat[273:364])
mfcc_feat_hvs[4] = self.mfcc_feat_kernels[4](feat[364:455])
mfcc_feat_hvs[5] = self.mfcc_feat_kernels[5](feat[455:546])



Relevant sets:{0, 1, 2, 3, 4, 5}


MFCC set correlation with TAC:

[[0.03448108]
 [0.0383011 ]
 [0.03050498]
 [0.01888277]
 [0.01350158]
 [0.02648133]]


MFCC set correlation matrix:

[[ 0.00785725  0.00411999  0.00558954  0.00268402  0.00426139  0.00089399]
 [ 0.00411999  0.00697374  0.00347155  0.00396081  0.00145263  0.00492049]
 [ 0.00558954  0.00347155  0.00777086  0.00233419  0.00505675  0.0010627 ]
 [ 0.00268402  0.00396081  0.00233419  0.00489107  0.00175706  0.00240918]
 [ 0.00426139  0.00145263  0.00505675  0.00175706  0.00648791 -0.00013709]
 [ 0.00089399  0.00492049  0.0010627   0.00240918 -0.00013709  0.00994751]]


